-1.351455040000000031e-02	-9.280030619999999134e-03	-3.363560419999999870e-03	-1.577985939999999995e-03	-2.800020390000000029e-03	-6.503127979999999593e-03	-1.155429149999999926e-02	-1.668248140000000088e-02	-2.086724339999999900e-02	-2.313978969999999982e-02	-2.299265940000000050e-02	-1.986512359999999949e-02	-1.394856530000000011e-02	-1.203357240000000076e-03	1.731979100000000105e-02	6.037255750000000004e-02
-9.939510380000000575e-03	-8.286098020000000342e-03	-5.598797929999999728e-03	-4.553477279999999967e-03	-5.953626239999999965e-03	-9.717144999999999949e-03	-1.469758619999999953e-02	-1.966140610000000066e-02	-2.356134359999999955e-02	-2.550016340000000117e-02	-2.506827559999999858e-02	-2.198256919999999962e-02	-1.674728840000000094e-02	-7.672590200000000034e-03	2.521228280000000106e-03	1.785561629999999830e-02
-9.173586960000000567e-03	-8.622363209999999237e-03	-7.645810949999999953e-03	-7.729385049999999875e-03	-9.914936500000000666e-03	-1.403995419999999952e-02	-1.910303910000000008e-02	-2.389749879999999993e-02	-2.740126290000000076e-02	-2.889604679999999842e-02	-2.812917339999999877e-02	-2.507962099999999986e-02	-2.047289910000000060e-02	-1.418925730000000079e-02	-8.090392689999999914e-03	-2.988611349999999861e-03
-8.990135039999999633e-03	-8.965401910000000280e-03	-9.214964699999999773e-03	-1.062131210000000041e-02	-1.380413119999999993e-02	-1.845132559999999866e-02	-2.364038300000000092e-02	-2.825274880000000141e-02	-3.139247369999999954e-02	-3.255169840000000231e-02	-3.161318600000000145e-02	-2.873765489999999950e-02	-2.467615529999999877e-02	-1.984222050000000043e-02	-1.503472030000000022e-02	-1.052559729999999992e-02
-8.692178880000000010e-03	-8.963959290000000218e-03	-1.008992639999999920e-02	-1.261406110000000066e-02	-1.671692359999999919e-02	-2.193370089999999856e-02	-2.730664610000000173e-02	-3.177359700000000065e-02	-3.462620450000000044e-02	-3.558468449999999811e-02	-3.462294490000000086e-02	-3.197009490000000259e-02	-2.826651189999999925e-02	-2.394976650000000054e-02	-1.928556710000000132e-02	-1.480058390000000071e-02
-7.973784580000000538e-03	-8.427179419999999976e-03	-1.010140959999999977e-02	-1.339531780000000061e-02	-1.820600220000000158e-02	-2.389592680000000163e-02	-2.944271269999999829e-02	-3.380481899999999984e-02	-3.645363819999999921e-02	-3.729410469999999700e-02	-3.636546429999999719e-02	-3.391392530000000155e-02	-3.038417549999999911e-02	-2.603070069999999930e-02	-2.095347269999999970e-02	-1.614957679999999909e-02
-6.798508110000000410e-03	-7.322016169999999956e-03	-9.210374210000000367e-03	-1.282415259999999946e-02	-1.801152339999999991e-02	-2.401877189999999940e-02	-2.969080769999999855e-02	-3.402362020000000015e-02	-3.659670429999999780e-02	-3.738539290000000154e-02	-3.648980710000000044e-02	-3.414838760000000334e-02	-3.057519529999999999e-02	-2.573271840000000005e-02	-1.988374440000000021e-02	-1.443995810000000060e-02
-5.225682169999999911e-03	-5.711429290000000214e-03	-7.558455230000000330e-03	-1.115088260000000019e-02	-1.630791460000000082e-02	-2.231162789999999868e-02	-2.799730380000000143e-02	-3.235799820000000160e-02	-3.495677929999999739e-02	-3.575151409999999946e-02	-3.486390040000000162e-02	-3.245816380000000195e-02	-2.856600280000000033e-02	-2.310056430000000105e-02	-1.659213379999999877e-02	-1.083577049999999951e-02
-3.439694179999999799e-03	-3.831950480000000017e-03	-5.449609369999999613e-03	-8.701302109999999729e-03	-1.343200079999999977e-02	-1.903199779999999869e-02	-2.448191679999999967e-02	-2.881934309999999860e-02	-3.146803749999999705e-02	-3.228179369999999854e-02	-3.132323179999999679e-02	-2.863827719999999938e-02	-2.426969260000000003e-02	-1.848844070000000075e-02	-1.236088760000000029e-02	-7.493835869999999899e-03
-1.771777169999999959e-03	-2.059132789999999855e-03	-3.316137470000000108e-03	-5.909711120000000172e-03	-9.819228200000000226e-03	-1.462125589999999954e-02	-1.946113439999999986e-02	-2.348039860000000062e-02	-2.601105160000000138e-02	-2.674739809999999995e-02	-2.562706539999999936e-02	-2.262829989999999916e-02	-1.821219179999999938e-02	-1.290841679999999922e-02	-8.171027529999999595e-03	-5.285913589999999967e-03
-5.597854620000000322e-04	-7.401934709999999536e-04	-1.582906119999999981e-03	-3.388642800000000142e-03	-6.211909469999999690e-03	-9.851634499999999475e-03	-1.366510890000000034e-02	-1.692004319999999840e-02	-1.900151190000000032e-02	-1.945083770000000101e-02	-1.820689439999999965e-02	-1.536411050000000000e-02	-1.158455109999999982e-02	-7.691788950000000291e-03	-4.926809580000000161e-03	-3.844557100000000217e-03
7.882347560000000307e-05	-2.130805110000000109e-05	-5.108431210000000328e-04	-1.581317399999999972e-03	-3.323567569999999818e-03	-5.676680239999999829e-03	-8.223437700000000780e-03	-1.045052060000000067e-02	-1.180295460000000025e-02	-1.182284949999999960e-02	-1.062019169999999998e-02	-8.512028490000000253e-03	-5.998414480000000340e-03	-3.927912100000000017e-03	-2.949330960000000074e-03	-2.845651470000000113e-03
2.376962220000000030e-04	1.824844799999999893e-04	-7.473723959999999621e-05	-6.179078479999999774e-04	-1.518211910000000046e-03	-2.784308980000000083e-03	-4.194107839999999983e-03	-5.410177629999999606e-03	-6.001678760000000307e-03	-5.717303600000000173e-03	-4.770186729999999729e-03	-3.561385910000000078e-03	-2.505756449999999979e-03	-1.964284809999999968e-03	-1.964919040000000141e-03	-2.176344629999999846e-03
1.629194299999999927e-04	1.201978740000000055e-04	-3.827474569999999898e-05	-3.218639179999999958e-04	-7.508046110000000418e-04	-1.335779199999999898e-03	-1.954503819999999989e-03	-2.393273640000000060e-03	-2.432460200000000072e-03	-2.024065700000000044e-03	-1.404987880000000073e-03	-9.230239669999999600e-04	-8.234447449999999493e-04	-1.094172360000000106e-03	-1.475798780000000089e-03	-1.731729370000000033e-03
5.335179589999999709e-05	8.032977350000000211e-06	-1.296722620000000114e-04	-3.381738210000000155e-04	-5.979621779999999987e-04	-8.817428609999999499e-04	-1.100944009999999928e-03	-1.134021910000000081e-03	-8.997456170000000001e-04	-4.560480879999999956e-04	-3.354445650000000147e-05	8.428892760000000219e-05	-2.047984739999999897e-04	-7.172296760000000096e-04	-1.188266560000000036e-03	-1.455216669999999986e-03
0.000000000000000000e+00	-4.614580759999999663e-05	-1.787541260000000012e-04	-3.725125570000000245e-04	-5.993006630000000459e-04	-8.141829170000000138e-04	-9.337255029999999914e-04	-8.625402119999999850e-04	-5.639586600000000022e-04	-1.292899980000000119e-04	2.363135720000000036e-04	2.754583260000000164e-04	-7.893177830000000343e-05	-6.057458810000000389e-04	-1.082254109999999936e-03	-1.362378239999999935e-03
