-7.375149989999999628e-03	-5.149775649999999670e-03	-2.195124279999999869e-03	-1.394994440000000072e-03	-1.719837309999999947e-03	-2.878575349999999873e-03	-4.584723619999999875e-03	-6.439438090000000094e-03	-8.025080900000000281e-03	-8.970047349999999559e-03	-9.052339939999999238e-03	-7.933287880000000625e-03	-5.428676030000000215e-03	2.040062100000000127e-04	8.833418600000000204e-03	2.582532350000000046e-02
-4.966525359999999709e-03	-4.164203069999999722e-03	-2.910199809999999832e-03	-2.383175769999999923e-03	-2.718568079999999880e-03	-3.882745050000000180e-03	-5.567623770000000236e-03	-7.388927039999999835e-03	-8.920810189999999612e-03	-9.804100729999999306e-03	-9.847425859999999961e-03	-8.858363140000000482e-03	-6.786414420000000218e-03	-2.833945679999999925e-03	2.450276170000000118e-03	9.501917290000000058e-03
-4.079813600000000047e-03	-3.843605050000000172e-03	-3.411257869999999998e-03	-3.304510379999999869e-03	-3.882979510000000075e-03	-5.170178600000000305e-03	-6.896482780000000139e-03	-8.674284440000000831e-03	-1.010962200000000040e-02	-1.088652950000000043e-02	-1.085405979999999951e-02	-9.953869509999999435e-03	-8.275411090000000386e-03	-5.601554639999999953e-03	-2.294943670000000168e-03	6.043981410000000016e-04
-3.699506170000000163e-03	-3.663105659999999798e-03	-3.672357880000000178e-03	-4.004341550000000208e-03	-4.891067280000000426e-03	-6.346128420000000415e-03	-8.143722080000000488e-03	-9.907984170000000076e-03	-1.126427760000000070e-02	-1.194808070000000048e-02	-1.186048240000000045e-02	-1.103882119999999994e-02	-9.629593230000000476e-03	-7.612412800000000097e-03	-4.990029150000000260e-03	-2.480045430000000183e-03
-3.346155400000000099e-03	-3.399501550000000056e-03	-3.659124250000000012e-03	-4.320769569999999803e-03	-5.489070900000000280e-03	-7.122535719999999876e-03	-9.019972759999999798e-03	-1.080775070000000032e-02	-1.212202759999999983e-02	-1.274636760000000084e-02	-1.263083700000000066e-02	-1.185838319999999932e-02	-1.054545120000000002e-02	-8.668764489999999587e-03	-6.214719270000000281e-03	-3.825502699999999961e-03
-2.883715319999999825e-03	-2.980624559999999791e-03	-3.358824409999999934e-03	-4.170322330000000161e-03	-5.500331520000000321e-03	-7.282926700000000135e-03	-9.270607490000000797e-03	-1.108673769999999996e-02	-1.239067129999999947e-02	-1.299693809999999915e-02	-1.287554299999999971e-02	-1.210588869999999935e-02	-1.073998399999999930e-02	-8.721428919999999613e-03	-6.259892139999999848e-03	-4.013865719999999866e-03
-2.320335709999999958e-03	-2.425995660000000199e-03	-2.834416460000000089e-03	-3.678234060000000038e-03	-5.027460870000000082e-03	-6.815706849999999574e-03	-8.790694179999999219e-03	-1.059082800000000005e-02	-1.188514570000000041e-02	-1.248700359999999933e-02	-1.235547099999999981e-02	-1.152819669999999991e-02	-9.988613429999999502e-03	-7.781497200000000135e-03	-5.483535119999999839e-03	-3.608049129999999806e-03
-1.696961469999999942e-03	-1.787229439999999964e-03	-2.164526380000000166e-03	-2.955299340000000149e-03	-4.189558329999999893e-03	-5.807687060000000373e-03	-7.617074530000000204e-03	-9.305856189999999611e-03	-1.054357359999999987e-02	-1.110756679999999955e-02	-1.091472620000000053e-02	-9.975349530000000159e-03	-8.274594320000000156e-03	-6.146474279999999610e-03	-4.337318239999999638e-03	-3.101642710000000139e-03
-1.087675100000000004e-03	-1.154794590000000030e-03	-1.459522520000000080e-03	-2.095500709999999905e-03	-3.091965800000000177e-03	-4.428118929999999738e-03	-5.937642419999999976e-03	-7.368471009999999662e-03	-8.425759149999999947e-03	-8.872729730000000758e-03	-8.585540580000000296e-03	-7.605735209999999781e-03	-6.026429120000000202e-03	-4.299314230000000209e-03	-3.095288759999999858e-03	-2.539013509999999817e-03
-5.791108119999999844e-04	-6.231286099999999760e-04	-8.400367809999999746e-04	-1.296507190000000019e-03	-2.011392959999999935e-03	-2.982243659999999838e-03	-4.087523089999999665e-03	-5.138940179999999976e-03	-5.904930640000000119e-03	-6.171913820000000418e-03	-5.819930689999999913e-03	-4.968772639999999817e-03	-3.825951370000000001e-03	-2.718123370000000063e-03	-2.134163399999999822e-03	-2.047159709999999983e-03
-2.238577139999999878e-04	-2.495766969999999767e-04	-3.883028990000000230e-04	-6.782680279999999881e-04	-1.128447010000000047e-03	-1.742266350000000030e-03	-2.442940140000000090e-03	-3.109527290000000093e-03	-3.566658590000000139e-03	-3.664111020000000198e-03	-3.360555739999999958e-03	-2.789150220000000211e-03	-2.163396450000000092e-03	-1.699287210000000091e-03	-1.571085419999999899e-03	-1.657638230000000072e-03
-2.692428279999999931e-05	-4.094626639999999801e-05	-1.245298919999999999e-04	-2.929131440000000267e-04	-5.437167710000000327e-04	-8.819161450000000211e-04	-1.261408909999999937e-03	-1.611717630000000009e-03	-1.821448100000000068e-03	-1.829635700000000051e-03	-1.669289310000000078e-03	-1.427981420000000098e-03	-1.233289949999999933e-03	-1.179702930000000108e-03	-1.258684209999999960e-03	-1.370246990000000041e-03
4.355329289999999777e-05	3.374959119999999813e-05	-1.809043170000000154e-05	-1.121008240000000015e-04	-2.406571579999999887e-04	-4.072542649999999855e-04	-5.843098040000000186e-04	-7.301135920000000274e-04	-8.025522110000000205e-04	-7.998171500000000270e-04	-7.642492419999999485e-04	-7.547775749999999662e-04	-8.155225079999999785e-04	-9.403214789999999679e-04	-1.072332260000000105e-03	-1.162535739999999993e-03
3.782927159999999742e-05	2.815667180000000117e-05	-1.030627209999999991e-05	-7.047623509999999519e-05	-1.409161920000000093e-04	-2.201131569999999942e-04	-2.926116290000000016e-04	-3.395706010000000140e-04	-3.541867770000000260e-04	-3.580405609999999885e-04	-3.910231460000000128e-04	-4.858914180000000241e-04	-6.409758930000000179e-04	-8.114478550000000243e-04	-9.453340900000000054e-04	-1.020194729999999994e-03
1.142730889999999952e-05	-1.543685360000000084e-07	-3.597760220000000128e-05	-8.592704400000000624e-05	-1.371302790000000066e-04	-1.825778750000000108e-04	-2.119985439999999934e-04	-2.188053040000000082e-04	-2.114902020000000021e-04	-2.187107459999999988e-04	-2.731344429999999824e-04	-3.912820830000000058e-04	-5.598412240000000218e-04	-7.327541240000000041e-04	-8.651557150000000092e-04	-9.393982470000000230e-04
0.000000000000000000e+00	-1.318513020000000047e-05	-4.919238560000000214e-05	-9.675698670000000513e-05	-1.441383790000000116e-04	-1.820010660000000017e-04	-2.018732190000000024e-04	-1.997977670000000098e-04	-1.878283799999999908e-04	-1.966420100000000062e-04	-2.539452979999999973e-04	-3.706345449999999932e-04	-5.340080239999999995e-04	-7.044860389999999970e-04	-8.379627830000000539e-04	-9.129686510000000052e-04
