-9.584696959999999821e-03	-6.665955299999999986e-03	-2.720189980000000014e-03	-1.630882499999999902e-03	-2.258803230000000148e-03	-4.215181810000000369e-03	-6.949747909999999876e-03	-9.839611130000000191e-03	-1.227654239999999980e-02	-1.365731939999999950e-02	-1.369115239999999997e-02	-1.195922209999999986e-02	-8.368668149999999514e-03	-3.783283760000000022e-04	1.171625029999999977e-02	3.717490290000000086e-02
-6.730085240000000142e-03	-5.641479510000000155e-03	-3.918294329999999666e-03	-3.235664679999999960e-03	-3.908443259999999989e-03	-5.882113240000000354e-03	-8.585240690000000771e-03	-1.140464189999999996e-02	-1.371772589999999993e-02	-1.495445429999999951e-02	-1.486997120000000012e-02	-1.325727250000000024e-02	-1.020894389999999971e-02	-4.617945289999999745e-03	2.454629869999999832e-03	1.237401829999999932e-02
-5.841082430000000061e-03	-5.501754579999999610e-03	-4.890126179999999996e-03	-4.834371619999999758e-03	-5.904158579999999913e-03	-8.070529439999999874e-03	-1.084490959999999914e-02	-1.358854770000000010e-02	-1.570096979999999892e-02	-1.672535389999999997e-02	-1.648197319999999966e-02	-1.494214869999999952e-02	-1.237809659999999923e-02	-8.591514079999999429e-03	-4.312822130000000358e-03	-5.856028869999999878e-04
-5.497511479999999881e-03	-5.461248569999999601e-03	-5.533422340000000023e-03	-6.176046099999999740e-03	-7.752873470000000260e-03	-1.020009069999999914e-02	-1.308004089999999925e-02	-1.576825230000000050e-02	-1.770894229999999889e-02	-1.855626520000000154e-02	-1.821004790000000165e-02	-1.676847039999999900e-02	-1.456306689999999938e-02	-1.169816400000000048e-02	-8.314399050000000763e-03	-5.013593470000000073e-03
-5.132581110000000203e-03	-5.245028060000000297e-03	-5.743181800000000253e-03	-6.942338309999999783e-03	-8.998891340000000558e-03	-1.175890580000000032e-02	-1.478894149999999963e-02	-1.746865549999999934e-02	-1.929275689999999932e-02	-2.002290639999999844e-02	-1.963281999999999874e-02	-1.828498770000000148e-02	-1.625518499999999839e-02	-1.363880089999999941e-02	-1.039792039999999987e-02	-7.162621240000000000e-03
-4.553717100000000129e-03	-4.745971409999999967e-03	-5.474659609999999940e-03	-6.995040919999999905e-03	-9.382096120000000747e-03	-1.240661740000000013e-02	-1.557556730000000077e-02	-1.826609670000000143e-02	-2.003201469999999970e-02	-2.071080729999999828e-02	-2.031959590000000093e-02	-1.903138310000000027e-02	-1.701087880000000038e-02	-1.421625259999999974e-02	-1.078939439999999916e-02	-7.523152049999999764e-03
-3.760367629999999788e-03	-3.978269169999999744e-03	-4.785745400000000239e-03	-6.410319359999999689e-03	-8.890993890000000593e-03	-1.200573329999999987e-02	-1.523315530000000050e-02	-1.793420689999999929e-02	-1.969443629999999973e-02	-2.036758140000000106e-02	-1.998680079999999928e-02	-1.868341860000000132e-02	-1.649583690000000144e-02	-1.335992010000000042e-02	-9.656896809999999248e-03	-6.374919320000000181e-03
-2.814763919999999867e-03	-3.008518600000000161e-03	-3.772978900000000056e-03	-5.327624730000000107e-03	-7.688566580000000261e-03	-1.065576640000000068e-02	-1.375983190000000002e-02	-1.641461630000000047e-02	-1.818164619999999843e-02	-1.886320489999999961e-02	-1.845084320000000069e-02	-1.700666170000000171e-02	-1.453141680000000040e-02	-1.119910829999999982e-02	-7.766872640000000230e-03	-5.079305729999999790e-03
-1.836590469999999998e-03	-1.983304969999999997e-03	-2.618714470000000141e-03	-3.933641590000000118e-03	-5.959742700000000316e-03	-8.557226509999999939e-03	-1.132270689999999996e-02	-1.376441869999999942e-02	-1.543607190000000073e-02	-1.606344250000000043e-02	-1.555400900000000058e-02	-1.394491829999999939e-02	-1.139259899999999978e-02	-8.293100629999999515e-03	-5.663752559999999693e-03	-4.093083550000000369e-03
-9.794046640000000740e-04	-1.079090640000000042e-03	-1.545078349999999979e-03	-2.528714479999999865e-03	-4.063643520000000120e-03	-6.089358119999999965e-03	-8.295391690000000762e-03	-1.028043780000000018e-02	-1.167067509999999975e-02	-1.213809750000000021e-02	-1.152046210000000001e-02	-9.962629529999999373e-03	-7.766328290000000002e-03	-5.430675109999999819e-03	-3.856274299999999915e-03	-3.265879120000000132e-03
-3.679567310000000186e-04	-4.269275810000000234e-04	-7.274831880000000219e-04	-1.372825469999999900e-03	-2.394418929999999907e-03	-3.771201239999999975e-03	-5.293190480000000385e-03	-6.679053419999999956e-03	-7.652773990000000248e-03	-7.866914379999999374e-03	-7.233736109999999719e-03	-6.046251859999999916e-03	-4.565849430000000313e-03	-3.256864610000000104e-03	-2.647398269999999814e-03	-2.604369070000000196e-03
-3.099647440000000246e-05	-6.277704959999999578e-05	-2.382297830000000007e-04	-6.113125130000000417e-04	-1.199965830000000039e-03	-2.004150770000000074e-03	-2.903716169999999951e-03	-3.714329100000000189e-03	-4.236489999999999874e-03	-4.245638849999999569e-03	-3.785242329999999843e-03	-3.120711999999999878e-03	-2.450306900000000059e-03	-2.034708620000000214e-03	-1.988433300000000056e-03	-2.122677160000000125e-03
8.180449369999999454e-05	6.204103559999999643e-05	-3.854095480000000286e-05	-2.359634820000000024e-04	-5.337335749999999731e-04	-9.372165659999999541e-04	-1.382955929999999918e-03	-1.755768900000000089e-03	-1.937434779999999950e-03	-1.885720299999999903e-03	-1.682775560000000000e-03	-1.473425540000000006e-03	-1.384490639999999984e-03	-1.470562770000000087e-03	-1.644189120000000065e-03	-1.785482979999999898e-03
6.606643000000000368e-05	4.833215639999999719e-05	-2.070087069999999947e-05	-1.361099129999999914e-04	-2.878550149999999953e-04	-4.735791589999999748e-04	-6.549991669999999508e-04	-7.739203279999999803e-04	-7.891976270000000421e-04	-7.307603960000000473e-04	-6.889983780000000268e-04	-7.493282899999999854e-04	-9.436203979999999766e-04	-1.209495589999999912e-03	-1.432417189999999957e-03	-1.557177400000000003e-03
2.007833429999999832e-05	-8.154165700000000302e-07	-6.331721670000000257e-05	-1.541463720000000020e-04	-2.565198809999999778e-04	-3.555272710000000145e-04	-4.242685390000000122e-04	-4.355480489999999784e-04	-3.881184969999999790e-04	-3.341350240000000109e-04	-3.575943410000000252e-04	-5.059540849999999597e-04	-7.701172729999999520e-04	-1.066704400000000053e-03	-1.294852350000000102e-03	-1.419988930000000036e-03
0.000000000000000000e+00	-2.356044209999999875e-05	-8.573227389999999630e-05	-1.712439840000000121e-04	-2.640982569999999943e-04	-3.436365509999999950e-04	-3.871070219999999990e-04	-3.738651280000000027e-04	-3.124137290000000063e-04	-2.620550509999999833e-04	-3.020338770000000192e-04	-4.610969339999999861e-04	-7.234810619999999630e-04	-1.015833810000000073e-03	-1.244913550000000023e-03	-1.374311399999999942e-03
