-3.478990869999999940e-03	-2.472475170000000208e-03	-1.154800529999999931e-03	-7.551938760000000009e-04	-6.915940320000000001e-04	-8.418813810000000484e-04	-1.153579909999999896e-03	-1.539167020000000059e-03	-1.909807790000000007e-03	-2.166602289999999820e-03	-2.202704079999999887e-03	-1.854585250000000043e-03	-9.750480529999999571e-04	8.827139389999999648e-04	3.688757310000000036e-03	8.230573499999999446e-03
-2.091984260000000120e-03	-1.757775430000000066e-03	-1.231195989999999980e-03	-9.465758919999999691e-04	-8.879317899999999942e-04	-1.043691420000000076e-03	-1.348981979999999952e-03	-1.732890960000000018e-03	-2.108705230000000163e-03	-2.381620929999999844e-03	-2.454255240000000147e-03	-2.196205310000000181e-03	-1.481670650000000040e-03	-8.515141959999999414e-05	1.869356730000000088e-03	3.950031009999999641e-03
-1.448698339999999942e-03	-1.363236110000000086e-03	-1.200253380000000083e-03	-1.083699870000000027e-03	-1.095640119999999893e-03	-1.272745899999999913e-03	-1.579469420000000068e-03	-1.958430049999999954e-03	-2.329519249999999816e-03	-2.606474560000000048e-03	-2.701928609999999873e-03	-2.515186320000000007e-03	-1.965619159999999841e-03	-9.592200510000000076e-04	3.612957370000000122e-04	1.474401329999999949e-03
-1.158914760000000037e-03	-1.134821800000000106e-03	-1.101647390000000046e-03	-1.108338360000000024e-03	-1.198390730000000034e-03	-1.406855879999999994e-03	-1.720984000000000055e-03	-2.097448799999999860e-03	-2.463819690000000184e-03	-2.740495370000000167e-03	-2.849452900000000021e-03	-2.710727740000000094e-03	-2.272654790000000133e-03	-1.497311980000000072e-03	-5.102615690000000294e-04	3.570002739999999933e-04
-9.498529830000000283e-04	-9.490279479999999719e-04	-9.694784529999999961e-04	-1.038009529999999944e-03	-1.181615979999999996e-03	-1.421672639999999955e-03	-1.745418760000000099e-03	-2.116455929999999912e-03	-2.470468170000000158e-03	-2.734792880000000165e-03	-2.835121940000000056e-03	-2.702510449999999918e-03	-2.300984690000000121e-03	-1.634794290000000103e-03	-8.771548159999999900e-04	-2.559114659999999777e-04
-7.567501739999999994e-04	-7.651959900000000368e-04	-8.075857190000000413e-04	-9.030184010000000304e-04	-1.068095330000000008e-03	-1.314057499999999939e-03	-1.628246859999999893e-03	-1.976439960000000041e-03	-2.300287600000000023e-03	-2.532497050000000107e-03	-2.600184409999999838e-03	-2.440074689999999821e-03	-2.034941220000000169e-03	-1.451350519999999996e-03	-8.948498870000000036e-04	-5.165464240000000378e-04
-5.712494020000000389e-04	-5.821756200000000048e-04	-6.313784400000000156e-04	-7.339291620000000299e-04	-8.933345089999999945e-04	-1.114573210000000024e-03	-1.389533280000000053e-03	-1.687371520000000100e-03	-1.955206509999999828e-03	-2.130253239999999829e-03	-2.146071289999999972e-03	-1.951624519999999984e-03	-1.572345850000000022e-03	-1.099949119999999976e-03	-7.339111760000000158e-04	-5.615955450000000102e-04
-3.983042549999999977e-04	-4.083585230000000201e-04	-4.545833220000000089e-04	-5.439387750000000427e-04	-6.763064300000000157e-04	-8.572414520000000513e-04	-1.074084080000000004e-03	-1.299617579999999941e-03	-1.490783880000000035e-03	-1.596972579999999956e-03	-1.561439829999999905e-03	-1.361700590000000004e-03	-1.055704779999999893e-03	-7.319470749999999618e-04	-5.410236189999999799e-04	-5.019858359999999518e-04
-2.488305909999999842e-04	-2.565365870000000108e-04	-2.945334999999999880e-04	-3.648211130000000185e-04	-4.631019840000000221e-04	-5.935918890000000010e-04	-7.447764509999999860e-04	-8.941019770000000096e-04	-1.008825959999999937e-03	-1.054499410000000071e-03	-9.903759930000000881e-04	-8.247559889999999923e-04	-6.154015430000000109e-04	-4.388315719999999779e-04	-3.823245639999999900e-04	-4.076674809999999874e-04
-1.320345760000000057e-04	-1.375307910000000034e-04	-1.662642900000000127e-04	-2.165794870000000067e-04	-2.821831729999999916e-04	-3.662036320000000263e-04	-4.588387960000000045e-04	-5.442929099999999814e-04	-5.994774400000000376e-04	-6.033006360000000342e-04	-5.413026669999999527e-04	-4.328561480000000226e-04	-3.231920710000000196e-04	-2.586083719999999922e-04	-2.705805819999999797e-04	-3.148520189999999921e-04
-5.188405700000000258e-05	-5.582203809999999736e-05	-7.674101650000000451e-05	-1.106628040000000047e-04	-1.505172989999999935e-04	-1.987071150000000082e-04	-2.480765980000000106e-04	-2.885258870000000130e-04	-3.057030839999999865e-04	-2.913818749999999807e-04	-2.497034729999999983e-04	-1.970372100000000054e-04	-1.597776859999999949e-04	-1.585363790000000048e-04	-1.947222629999999894e-04	-2.368202840000000029e-04
-6.142779969999999843e-06	-9.002642400000000493e-06	-2.416111240000000073e-05	-4.656447709999999982e-05	-6.916167330000000662e-05	-9.394950760000000110e-05	-1.161568219999999991e-04	-1.296677510000000116e-04	-1.286039770000000010e-04	-1.134742999999999988e-04	-9.198988120000000290e-05	-7.641669799999999753e-05	-7.930352880000000003e-05	-1.038140040000000035e-04	-1.413530259999999910e-04	-1.743300529999999978e-04
1.177203920000000001e-05	9.234114260000000722e-06	-2.144161499999999834e-06	-1.708653689999999940e-05	-2.943744219999999849e-05	-4.036588870000000099e-05	-4.718861600000000126e-05	-4.727486519999999774e-05	-3.960882899999999861e-05	-2.780231989999999953e-05	-1.924531350000000047e-05	-2.213123660000000060e-05	-4.051950600000000033e-05	-7.047168039999999654e-05	-1.020565110000000046e-04	-1.259594859999999873e-04
1.081306620000000007e-05	8.131819410000000540e-06	-1.396657240000000008e-06	-1.260195310000000034e-05	-1.986153260000000001e-05	-2.318708900000000022e-05	-2.126631259999999912e-05	-1.366976450000000037e-05	-1.930392269999999886e-06	9.281842720000000607e-06	1.325375889999999962e-05	4.449846530000000170e-06	-1.738626449999999943e-05	-4.647725290000000289e-05	-7.370554520000000063e-05	-9.253990719999999370e-05
3.404399650000000178e-06	3.697772400000000134e-07	-8.683107810000000092e-06	-1.863915530000000110e-05	-2.412381760000000048e-05	-2.392473290000000016e-05	-1.722687190000000117e-05	-4.849075589999999628e-06	1.033710940000000074e-05	2.330037749999999984e-05	2.763098019999999871e-05	1.865453669999999874e-05	-2.610579029999999996e-06	-3.004296560000000075e-05	-5.621813760000000053e-05	-7.382728650000000353e-05
0.000000000000000000e+00	-3.244956130000000164e-06	-1.221548250000000066e-05	-2.180569570000000121e-05	-2.691218470000000042e-05	-2.570794819999999947e-05	-1.760729720000000167e-05	-3.872534759999999653e-06	1.238981530000000039e-05	2.614934779999999857e-05	3.107036170000000111e-05	2.255416619999999850e-05	2.084922019999999980e-06	-2.418493930000000099e-05	-5.034166679999999933e-05	-6.805899469999999822e-05
