0.000000000000000000e+00	3.027184490000000075e-02	5.280381070000000204e-02	8.909855780000000558e-02	1.232930789999999999e-01	1.560653599999999863e-01	1.852039400000000113e-01	2.092522380000000071e-01	2.272839399999999899e-01	2.396012250000000010e-01	2.459419069999999874e-01	2.476769689999999968e-01	2.400048670000000106e-01	2.291340980000000083e-01	1.769463569999999986e-01	1.407174619999999876e-01
0.000000000000000000e+00	-1.122881750000000005e-02	1.168673860000000097e-03	2.693798390000000029e-02	5.586382000000000153e-02	8.446368579999999349e-02	1.098242769999999979e-01	1.297606530000000036e-01	1.428523660000000084e-01	1.492581809999999898e-01	1.485856030000000105e-01	1.424488429999999917e-01	1.267937419999999871e-01	1.083798039999999963e-01	6.643953169999999853e-02	2.966754320000000028e-02
0.000000000000000000e+00	-1.069853549999999921e-03	9.693196039999999250e-03	2.805854940000000047e-02	4.956237969999999909e-02	7.085812839999999779e-02	8.919994529999999977e-02	1.027145460000000038e-01	1.101803110000000030e-01	1.112161950000000038e-01	1.053917560000000031e-01	9.390255059999999543e-02	7.474619150000000323e-02	5.278331039999999835e-02	2.360159159999999923e-02	-6.495933050000000410e-04
0.000000000000000000e+00	5.054229870000000353e-03	1.476004719999999930e-02	2.713022749999999955e-02	4.145101830000000320e-02	5.587391559999999729e-02	6.811594220000000144e-02	7.627765089999999359e-02	7.930714640000000037e-02	7.717917859999999519e-02	6.974820789999999771e-02	5.763154100000000141e-02	4.004610699999999746e-02	1.939446480000000042e-02	-3.088973459999999963e-03	-1.452580650000000022e-02
0.000000000000000000e+00	5.745290779999999604e-03	1.223372759999999913e-02	1.893775170000000160e-02	2.677009439999999962e-02	3.483467550000000218e-02	4.151558500000000068e-02	4.539035629999999683e-02	4.497572410000000298e-02	4.137944799999999923e-02	3.469742829999999945e-02	2.424001879999999887e-02	9.802348909999999624e-03	-8.243760089999999791e-03	-2.474823589999999851e-02	-2.463817219999999905e-02
0.000000000000000000e+00	3.475471630000000027e-03	4.932003100000000376e-03	5.702258089999999620e-03	7.344341840000000003e-03	9.580086919999999603e-03	1.138650440000000055e-02	1.208417489999999948e-02	9.614346549999999714e-03	6.360917350000000123e-03	1.057556129999999992e-03	-8.152456949999999439e-03	-2.027004959999999939e-02	-3.516504909999999817e-02	-4.399924730000000228e-02	-3.255057330000000332e-02
0.000000000000000000e+00	-4.792209369999999788e-04	-4.668277220000000179e-03	-9.931607170000000470e-03	-1.453134789999999989e-02	-1.784635710000000153e-02	-2.026512290000000160e-02	-2.209720199999999982e-02	-2.487243529999999883e-02	-2.759360710000000050e-02	-3.244429830000000042e-02	-4.095552859999999906e-02	-5.170392990000000077e-02	-6.180640679999999804e-02	-6.099182370000000297e-02	-3.811418269999999886e-02
0.000000000000000000e+00	-4.916086790000000380e-03	-1.442380249999999919e-02	-2.531464209999999965e-02	-3.595156969999999813e-02	-4.484913129999999748e-02	-5.150923129999999961e-02	-5.599309129999999884e-02	-5.932608989999999666e-02	-6.276132909999999898e-02	-6.790332500000000049e-02	-7.524546240000000441e-02	-8.280916509999999842e-02	-8.450640739999999707e-02	-7.187841829999999654e-02	-3.884163499999999936e-02
0.000000000000000000e+00	-8.638691159999999786e-03	-2.249800230000000012e-02	-3.813052179999999736e-02	-5.398388579999999909e-02	-6.808439639999999682e-02	-7.943691310000000616e-02	-8.762098849999999661e-02	-9.345551579999999969e-02	-9.830942750000000452e-02	-1.031429170000000006e-01	-1.075309069999999950e-01	-1.075999289999999969e-01	-9.728573259999999390e-02	-7.242083550000000258e-02	-3.363455459999999814e-02
0.000000000000000000e+00	-1.085395089999999924e-02	-2.728961970000000001e-02	-4.601109400000000238e-02	-6.564378740000000045e-02	-8.397912979999999639e-02	-9.971071780000000107e-02	-1.118812410000000063e-01	-1.205741609999999991e-01	-1.264038379999999906e-01	-1.291600320000000079e-01	-1.272097530000000087e-01	-1.172619010000000017e-01	-9.544187780000000509e-02	-6.211595240000000046e-02	-2.456297539999999918e-02
0.000000000000000000e+00	-1.118596640000000045e-02	-2.793046650000000075e-02	-4.743475469999999805e-02	-6.860234590000000021e-02	-8.915340900000000290e-02	-1.073535679999999964e-01	-1.216974410000000034e-01	-1.314218940000000113e-01	-1.364699600000000013e-01	-1.356134270000000086e-01	-1.265209619999999868e-01	-1.081008170000000018e-01	-7.951418309999999656e-02	-4.500439020000000095e-02	-1.511156190000000066e-02
0.000000000000000000e+00	-9.727505040000000713e-03	-2.448786799999999944e-02	-4.236694049999999850e-02	-6.250040229999999364e-02	-8.255828169999999966e-02	-1.006108299999999983e-01	-1.147913410000000051e-01	-1.236440609999999996e-01	-1.262000500000000081e-01	-1.209753449999999980e-01	-1.067517469999999941e-01	-8.415088799999999314e-02	-5.540991569999999949e-02	-2.707186899999999841e-02	-7.725302130000000211e-03
0.000000000000000000e+00	-6.975069639999999585e-03	-1.804052110000000167e-02	-3.227349370000000273e-02	-4.898856210000000072e-02	-6.611150500000000096e-02	-8.162229510000000576e-02	-9.344001109999999777e-02	-9.980677070000000539e-02	-9.920483080000000453e-02	-9.073043610000000592e-02	-7.480341199999999968e-02	-5.352006480000000288e-02	-3.079977819999999908e-02	-1.238946990000000005e-02	-2.740931460000000167e-03
0.000000000000000000e+00	-3.735635430000000187e-03	-1.038069559999999988e-02	-1.977392659999999830e-02	-3.147694100000000134e-02	-4.397371039999999759e-02	-5.537075920000000123e-02	-6.351830070000000217e-02	-6.668299440000000078e-02	-6.381426010000000593e-02	-5.489586669999999696e-02	-4.110276699999999839e-02	-2.520494540000000130e-02	-1.106535739999999976e-02	-2.114518079999999807e-03	5.181070880000000463e-04
0.000000000000000000e+00	-1.049437679999999954e-03	-3.687997809999999949e-03	-8.045432159999999291e-03	-1.399347370000000000e-02	-2.079259599999999999e-02	-2.726397289999999904e-02	-3.182976690000000053e-02	-3.303183989999999848e-02	-3.026162459999999846e-02	-2.379520610000000064e-02	-1.486620309999999931e-02	-5.949586629999999848e-03	4.032885190000000050e-04	2.857327460000000114e-03	1.899494910000000102e-03
0.000000000000000000e+00	0.000000000000000000e+00	0.000000000000000000e+00	0.000000000000000000e+00	0.000000000000000000e+00	0.000000000000000000e+00	0.000000000000000000e+00	0.000000000000000000e+00	0.000000000000000000e+00	0.000000000000000000e+00	0.000000000000000000e+00	0.000000000000000000e+00	0.000000000000000000e+00	0.000000000000000000e+00	0.000000000000000000e+00	0.000000000000000000e+00
