0.000000000000000000e+00	3.941642869999999882e-02	3.526474160000000330e-02	3.173176939999999835e-02	2.914612180000000080e-02	2.613000570000000022e-02	2.258792889999999831e-02	1.854304219999999837e-02	1.419350689999999970e-02	9.785629809999999915e-03	5.455930720000000053e-03	7.269743949999999625e-04	-5.362870639999999661e-03	-1.804715390000000141e-02	-4.501828549999999790e-02	-9.235430510000000592e-02
0.000000000000000000e+00	4.939522219999999825e-02	5.572067199999999887e-02	5.735949800000000182e-02	5.569304530000000059e-02	5.116881060000000314e-02	4.407849910000000149e-02	3.525394949999999944e-02	2.559874950000000024e-02	1.577656720000000096e-02	6.174872629999999737e-03	-4.030681680000000253e-03	-1.710794870000000023e-02	-4.289663579999999921e-02	-9.231576319999999780e-02	-1.700262130000000094e-01
0.000000000000000000e+00	4.884385320000000225e-02	7.058647269999999974e-02	7.827587430000000623e-02	7.741665840000000465e-02	7.114889470000000660e-02	6.056890639999999715e-02	4.695523530000000195e-02	3.183121979999999768e-02	1.639006469999999827e-02	1.318014229999999896e-03	-1.423607950000000018e-02	-3.339280189999999787e-02	-6.678880010000000367e-02	-1.241772029999999999e-01	-1.855355650000000134e-01
0.000000000000000000e+00	5.231931809999999794e-02	8.068200200000000266e-02	9.180402760000000439e-02	9.235548970000000135e-02	8.549593390000000126e-02	7.236370440000000626e-02	5.460082740000000295e-02	3.444106129999999905e-02	1.371187620000000051e-02	-6.358120590000000336e-03	-2.656906280000000120e-02	-5.054653810000000330e-02	-8.881122619999999579e-02	-1.455724690000000099e-01	-1.834651230000000077e-01
0.000000000000000000e+00	5.624752119999999744e-02	8.700062329999999622e-02	9.981362520000000571e-02	1.014936639999999973e-01	9.448455270000000183e-02	7.947847989999999585e-02	5.831864479999999962e-02	3.427408259999999846e-02	1.020581830000000072e-02	-1.369541139999999949e-02	-3.827604650000000081e-02	-6.666497890000000481e-02	-1.081649959999999994e-01	-1.575619729999999941e-01	-1.716219479999999964e-01
0.000000000000000000e+00	5.848147349999999883e-02	8.888957649999999766e-02	1.024001090000000030e-01	1.051910070000000030e-01	9.834728389999999876e-02	8.240315319999999555e-02	5.920130009999999970e-02	3.226570039999999973e-02	5.251101680000000091e-03	-2.104543520000000043e-02	-4.864565280000000130e-02	-8.138701319999999684e-02	-1.229490190000000066e-01	-1.597588659999999994e-01	-1.506969780000000092e-01
0.000000000000000000e+00	5.750114099999999867e-02	8.588656779999999380e-02	9.925354270000000256e-02	1.030500379999999966e-01	9.712676700000000274e-02	8.150079849999999904e-02	5.794991929999999958e-02	2.987677789999999833e-02	5.922077690000000479e-04	-2.815131099999999831e-02	-5.841840799999999806e-02	-9.355774520000000039e-02	-1.304805280000000123e-01	-1.517579850000000119e-01	-1.230983060000000046e-01
0.000000000000000000e+00	5.298963190000000045e-02	7.837257529999999695e-02	9.110108760000000527e-02	9.560485929999999744e-02	9.110757710000000342e-02	7.693678140000000110e-02	5.453390260000000322e-02	2.706969340000000071e-02	-2.768431090000000091e-03	-3.398576749999999980e-02	-6.680396199999999451e-02	-1.004369039999999935e-01	-1.278405790000000097e-01	-1.322973819999999912e-01	-9.154826400000000419e-02
0.000000000000000000e+00	4.533465209999999745e-02	6.705822799999999750e-02	7.890699800000000597e-02	8.387707169999999990e-02	8.066287639999999981e-02	6.846133620000000031e-02	4.811365160000000141e-02	2.184836379999999939e-02	-7.900493220000000608e-03	-3.932406010000000229e-02	-7.087358829999999832e-02	-9.862259780000000309e-02	-1.137559040000000049e-01	-1.036794560000000032e-01	-6.049823759999999745e-02
0.000000000000000000e+00	3.560610119999999684e-02	5.326015500000000347e-02	6.361375750000000662e-02	6.851902599999999677e-02	6.649437549999999419e-02	5.646903810000000051e-02	3.872801359999999971e-02	1.494054870000000035e-02	-1.251257209999999918e-02	-4.112872850000000302e-02	-6.761221589999999448e-02	-8.655556289999999375e-02	-9.006404129999999453e-02	-7.150524110000000544e-02	-3.451581670000000018e-02
0.000000000000000000e+00	2.527085130000000096e-02	3.871095930000000018e-02	4.718324170000000317e-02	5.152060089999999787e-02	5.032429840000000182e-02	4.245322940000000045e-02	2.790119870000000099e-02	7.960903459999999973e-03	-1.510664450000000041e-02	-3.823435310000000004e-02	-5.724520240000000038e-02	-6.696924569999999910e-02	-6.239011140000000344e-02	-4.231698440000000033e-02	-1.583339270000000062e-02
0.000000000000000000e+00	1.569500570000000039e-02	2.513697369999999889e-02	3.152833129999999678e-02	3.494223949999999967e-02	3.428151089999999929e-02	2.851779009999999906e-02	1.756348829999999916e-02	2.374673730000000007e-03	-1.492842469999999984e-02	-3.112393249999999972e-02	-4.239359499999999920e-02	-4.502251000000000170e-02	-3.694428500000000032e-02	-2.050291190000000027e-02	-4.550900779999999569e-03
0.000000000000000000e+00	8.203013800000000591e-03	1.405243949999999964e-02	1.835040380000000151e-02	2.076269310000000007e-02	2.046794819999999890e-02	1.670835169999999870e-02	9.384147820000000861e-03	-7.654397630000000152e-04	-1.193290020000000069e-02	-2.153711020000000087e-02	-2.680234609999999906e-02	-2.567041479999999931e-02	-1.808700900000000111e-02	-7.253060579999999827e-03	8.413085019999999754e-04
0.000000000000000000e+00	3.294516820000000130e-03	6.259526589999999877e-03	8.675711230000000829e-03	1.016583570000000047e-02	1.018988900000000059e-02	8.192518730000000748e-03	4.097453319999999621e-03	-1.553069569999999911e-03	-7.557471750000000106e-03	-1.218771559999999934e-02	-1.386912730000000073e-02	-1.187439539999999953e-02	-6.826999129999999742e-03	-1.057780230000000083e-03	2.239148130000000181e-03
0.000000000000000000e+00	7.650201440000000113e-04	1.792222030000000096e-03	2.717440949999999893e-03	3.333424919999999989e-03	3.477079560000000038e-03	2.855417549999999822e-03	1.371676340000000001e-03	-7.914368760000000400e-04	-3.042527010000000125e-03	-4.584565760000000080e-03	-4.878702569999999843e-03	-3.766738339999999886e-03	-1.669928430000000011e-03	4.238100370000000110e-04	1.374704530000000081e-03
0.000000000000000000e+00	0.000000000000000000e+00	0.000000000000000000e+00	0.000000000000000000e+00	0.000000000000000000e+00	0.000000000000000000e+00	0.000000000000000000e+00	0.000000000000000000e+00	0.000000000000000000e+00	0.000000000000000000e+00	0.000000000000000000e+00	0.000000000000000000e+00	0.000000000000000000e+00	0.000000000000000000e+00	0.000000000000000000e+00	0.000000000000000000e+00
