0.000000000000000000e+00	1.913004550000000151e-02	1.633401589999999848e-02	1.332370190000000017e-02	1.124023459999999933e-02	9.533734990000000686e-03	8.050413799999999592e-03	6.629052110000000289e-03	5.118681120000000313e-03	3.394295460000000195e-03	1.312997659999999957e-03	-1.407474049999999938e-03	-5.094438330000000160e-03	-1.141505869999999943e-02	-2.192482910000000118e-02	-3.514764089999999896e-02
0.000000000000000000e+00	2.515209839999999961e-02	2.572456000000000048e-02	2.371607909999999889e-02	2.136458830000000086e-02	1.900471189999999866e-02	1.661572609999999867e-02	1.397082680000000070e-02	1.091109780000000008e-02	7.228771690000000000e-03	2.634634729999999966e-03	-3.389871210000000058e-03	-1.183240489999999936e-02	-2.544257039999999956e-02	-4.524809119999999990e-02	-6.212868540000000134e-02
0.000000000000000000e+00	2.239130439999999916e-02	2.879658159999999925e-02	2.947108450000000129e-02	2.806506859999999964e-02	2.583139019999999841e-02	2.299126049999999921e-02	1.944220439999999953e-02	1.503483580000000014e-02	9.581059220000000265e-03	2.712485149999999991e-03	-6.446937560000000171e-03	-1.922373850000000037e-02	-3.747136150000000138e-02	-5.860922860000000040e-02	-6.404029579999999389e-02
0.000000000000000000e+00	2.043831349999999936e-02	2.952687999999999841e-02	3.239613400000000004e-02	3.216889500000000290e-02	3.034721690000000138e-02	2.729553540000000111e-02	2.302360159999999878e-02	1.736142300000000083e-02	1.007453170000000009e-02	8.894860510000000007e-04	-1.098748109999999993e-02	-2.677766789999999966e-02	-4.648172860000000101e-02	-6.355514380000000518e-02	-5.867112430000000212e-02
0.000000000000000000e+00	1.896985249999999859e-02	2.883750759999999941e-02	3.287655860000000124e-02	3.350108119999999773e-02	3.206220270000000039e-02	2.897053770000000000e-02	2.421269380000000068e-02	1.757954429999999957e-02	8.829241620000000818e-03	-2.284325890000000157e-03	-1.617942749999999943e-02	-3.317458560000000056e-02	-5.098663269999999942e-02	-6.166746089999999847e-02	-4.967182130000000195e-02
0.000000000000000000e+00	1.758280019999999833e-02	2.719695680000000157e-02	3.150749580000000022e-02	3.256986290000000311e-02	3.145229070000000321e-02	2.841793930000000024e-02	2.336206659999999838e-02	1.607975739999999848e-02	6.430886220000000229e-03	-5.798336119999999809e-03	-2.061322889999999894e-02	-3.686149419999999732e-02	-5.060961099999999879e-02	-5.460214609999999857e-02	-3.888066109999999825e-02
0.000000000000000000e+00	1.588531400000000107e-02	2.469011949999999969e-02	2.878279430000000097e-02	2.993651669999999876e-02	2.895382609999999982e-02	2.594465019999999886e-02	2.074098770000000133e-02	1.313602550000000056e-02	3.049123099999999972e-03	-9.350641629999999899e-03	-2.335015130000000008e-02	-3.691083939999999924e-02	-4.585742949999999790e-02	-4.448409379999999913e-02	-2.822817680000000093e-02
0.000000000000000000e+00	1.379887949999999974e-02	2.148386840000000159e-02	2.513692710000000122e-02	2.616138200000000039e-02	2.513130010000000011e-02	2.212582340000000120e-02	1.695885880000000054e-02	9.467184539999999593e-03	-2.448966259999999732e-04	-1.165073739999999969e-02	-2.355975290000000139e-02	-3.352987019999999901e-02	-3.801178189999999957e-02	-3.348628430000000211e-02	-1.917188610000000043e-02
0.000000000000000000e+00	1.138341709999999944e-02	1.777011900000000089e-02	2.080409600000000109e-02	2.158316219999999869e-02	2.052631970000000014e-02	1.762487739999999900e-02	1.274873779999999984e-02	5.873185579999999802e-03	-2.734866460000000190e-03	-1.234593060000000082e-02	-2.147891000000000036e-02	-2.785564399999999885e-02	-2.904391289999999973e-02	-2.339473740000000065e-02	-1.217440610000000006e-02
0.000000000000000000e+00	8.818004279999999695e-03	1.385937909999999940e-02	1.627286710000000122e-02	1.681352029999999900e-02	1.576226199999999911e-02	1.310759040000000070e-02	8.795444850000000425e-03	2.919169379999999887e-03	-4.132128789999999982e-03	-1.150403640000000061e-02	-1.777390020000000140e-02	-2.125648410000000044e-02	-2.051660229999999890e-02	-1.518979110000000070e-02	-7.200636439999999819e-03
0.000000000000000000e+00	6.325717080000000346e-03	1.007618570000000033e-02	1.190620099999999994e-02	1.226470430000000007e-02	1.132743339999999974e-02	9.088787250000000817e-03	5.560096349999999951e-03	9.142042250000000266e-04	-4.384652709999999932e-03	-9.518458509999999304e-03	-1.340274699999999958e-02	-1.492996329999999976e-02	-1.340936499999999948e-02	-9.152137669999999350e-03	-3.903342880000000136e-03
0.000000000000000000e+00	4.092509860000000284e-03	6.690806710000000296e-03	8.013134820000000075e-03	8.258689189999999722e-03	7.537079510000000045e-03	5.843285939999999859e-03	3.224378449999999903e-03	-1.191942139999999963e-04	-3.757747819999999843e-03	-7.037643809999999910e-03	-9.206551130000000666e-03	-9.621745909999999957e-03	-8.068779479999999699e-03	-5.039718930000000076e-03	-1.840799929999999921e-03
0.000000000000000000e+00	2.294981389999999934e-03	3.911116160000000300e-03	4.790309349999999876e-03	4.968004770000000216e-03	4.502948369999999929e-03	3.399495040000000048e-03	1.703425659999999913e-03	-4.235474039999999872e-04	-2.654147569999999821e-03	-4.542917480000000299e-03	-5.624483339999999942e-03	-5.564558320000000287e-03	-4.357665309999999778e-03	-2.429164709999999915e-03	-6.447301710000000099e-04
0.000000000000000000e+00	1.032661879999999992e-03	1.877250150000000064e-03	2.376863270000000115e-03	2.500178290000000178e-03	2.273353520000000183e-03	1.697572760000000056e-03	7.972582829999999695e-04	-3.313787460000000118e-04	-1.494228370000000045e-03	-2.430021300000000193e-03	-2.891841110000000024e-03	-2.729453379999999957e-03	-1.983075869999999935e-03	-9.345776049999999883e-04	-7.831821860000000399e-05
0.000000000000000000e+00	2.966712049999999730e-04	6.012879310000000116e-04	7.986187700000000299e-04	8.578952400000000285e-04	7.898550829999999995e-04	5.922667920000000176e-04	2.734805750000000239e-04	-1.311867529999999869e-04	-5.498484820000000507e-04	-8.803361560000000363e-04	-1.022436069999999985e-03	-9.262000680000000152e-04	-6.226006660000000040e-04	-2.322648939999999895e-04	5.292642160000000245e-05
0.000000000000000000e+00	0.000000000000000000e+00	0.000000000000000000e+00	0.000000000000000000e+00	0.000000000000000000e+00	0.000000000000000000e+00	0.000000000000000000e+00	0.000000000000000000e+00	0.000000000000000000e+00	0.000000000000000000e+00	0.000000000000000000e+00	0.000000000000000000e+00	0.000000000000000000e+00	0.000000000000000000e+00	0.000000000000000000e+00	0.000000000000000000e+00
