0.000000000000000000e+00	6.305864449999999677e-02	6.010532749999999980e-02	5.977199230000000002e-02	5.790119249999999690e-02	5.263949190000000167e-02	4.497563090000000069e-02	3.592822700000000008e-02	2.660227750000000030e-02	1.771181260000000146e-02	9.552598000000000686e-03	1.786110920000000052e-03	-6.561728660000000143e-03	-2.397775840000000019e-02	-6.901914630000000050e-02	-1.701690550000000135e-01
0.000000000000000000e+00	7.617632300000000412e-02	9.964438529999999905e-02	1.126406489999999955e-01	1.123179269999999980e-01	1.024197859999999988e-01	8.592247220000000241e-02	6.568443029999999905e-02	4.442463440000000291e-02	2.401957290000000106e-02	5.202994219999999836e-03	-1.300654369999999956e-02	-3.164625909999999737e-02	-6.810411069999999789e-02	-1.478716280000000050e-01	-3.185856340000000064e-01
0.000000000000000000e+00	8.319291469999999522e-02	1.380475909999999973e-01	1.607263680000000083e-01	1.588640659999999982e-01	1.420443650000000058e-01	1.160892020000000024e-01	8.524398510000000262e-02	5.307984720000000212e-02	2.164058389999999957e-02	-8.237967270000000342e-03	-3.751742839999999690e-02	-6.708013270000000305e-02	-1.143473680000000048e-01	-2.007005960000000089e-01	-3.508867319999999790e-01
0.000000000000000000e+00	1.019708659999999933e-01	1.688858719999999924e-01	1.942542489999999900e-01	1.910151240000000084e-01	1.692309379999999974e-01	1.355867530000000043e-01	9.609480200000000694e-02	5.544042209999999749e-02	1.530582179999999924e-02	-2.401177590000000070e-02	-6.319899110000000431e-02	-1.022205429999999970e-01	-1.542084810000000084e-01	-2.399663029999999919e-01	-3.609543439999999825e-01
0.000000000000000000e+00	1.220838280000000053e-01	1.922721709999999917e-01	2.171619529999999909e-01	2.124729750000000084e-01	1.865230499999999958e-01	1.463561509999999899e-01	1.001126100000000047e-01	5.343671889999999924e-02	7.474421519999999847e-03	-3.812122340000000109e-02	-8.418501170000000644e-02	-1.299573480000000003e-01	-1.853792519999999944e-01	-2.705973090000000081e-01	-3.645325899999999897e-01
0.000000000000000000e+00	1.382468189999999930e-01	2.061990049999999908e-01	2.297742660000000048e-01	2.241594939999999869e-01	1.951102909999999913e-01	1.501780749999999942e-01	9.935547409999999358e-02	4.977463559999999870e-02	1.775045880000000005e-03	-4.788857700000000162e-02	-9.903678300000000323e-02	-1.493257729999999950e-01	-2.087111470000000135e-01	-2.910011410000000187e-01	-3.559139069999999738e-01
0.000000000000000000e+00	1.454351399999999905e-01	2.091618630000000034e-01	2.331337629999999939e-01	2.278992679999999882e-01	1.971487249999999969e-01	1.500517429999999874e-01	9.671827410000000125e-02	4.431848969999999804e-02	-5.350073329999999877e-03	-5.597604070000000015e-02	-1.087681350000000019e-01	-1.622417120000000101e-01	-2.254581149999999867e-01	-2.996479269999999806e-01	-3.321946559999999771e-01
0.000000000000000000e+00	1.417870820000000087e-01	2.006942780000000037e-01	2.258234919999999868e-01	2.231863890000000128e-01	1.944112630000000008e-01	1.480190309999999954e-01	9.453139450000000443e-02	4.071022569999999813e-02	-1.112107839999999966e-02	-6.239789720000000345e-02	-1.153273429999999988e-01	-1.717922689999999974e-01	-2.361470459999999993e-01	-2.955970170000000175e-01	-2.934650779999999903e-01
0.000000000000000000e+00	1.272038369999999863e-01	1.815758199999999989e-01	2.088868170000000024e-01	2.107787130000000064e-01	1.872225999999999890e-01	1.445769819999999928e-01	9.293778240000000190e-02	3.974656759999999761e-02	-1.288836359999999924e-02	-6.597502530000000365e-02	-1.207940579999999958e-01	-1.793241349999999956e-01	-2.387892600000000032e-01	-2.770526409999999884e-01	-2.413011640000000124e-01
0.000000000000000000e+00	1.035423949999999954e-01	1.531074199999999941e-01	1.832518730000000096e-01	1.907478270000000087e-01	1.740796860000000112e-01	1.380376520000000107e-01	9.043747929999999824e-02	3.822463749999999855e-02	-1.513114010000000086e-02	-6.948486719999999450e-02	-1.257426739999999987e-01	-1.820041980000000059e-01	-2.286891789999999924e-01	-2.412486080000000033e-01	-1.796741779999999900e-01
0.000000000000000000e+00	7.426582280000000591e-02	1.176856010000000008e-01	1.489683990000000013e-01	1.619541349999999991e-01	1.533103879999999919e-01	1.254238189999999920e-01	8.409433809999999898e-02	3.521773959999999898e-02	-1.726345530000000100e-02	-7.161568849999999653e-02	-1.256069240000000087e-01	-1.730259949999999880e-01	-2.011013630000000052e-01	-1.884718390000000021e-01	-1.164336799999999977e-01
0.000000000000000000e+00	4.498549179999999925e-02	7.955805959999999455e-02	1.089263860000000000e-01	1.255718170000000022e-01	1.243587290000000012e-01	1.052018110000000062e-01	7.170804590000000311e-02	2.875337379999999901e-02	-1.920735460000000047e-02	-6.849221889999999868e-02	-1.138719539999999975e-01	-1.473664939999999868e-01	-1.559563579999999894e-01	-1.262726779999999993e-01	-6.207071239999999851e-02
0.000000000000000000e+00	2.115973830000000139e-02	4.439115899999999948e-02	6.770571320000000337e-02	8.447040620000000055e-02	8.898828179999999921e-02	7.883996520000000063e-02	5.522506309999999918e-02	2.162710949999999827e-02	-1.741869750000000008e-02	-5.645667759999999785e-02	-8.921538290000000093e-02	-1.075942289999999996e-01	-1.017523629999999984e-01	-6.830183419999999450e-02	-2.339311499999999905e-02
0.000000000000000000e+00	5.796108860000000369e-03	1.783763429999999858e-02	3.227182110000000048e-02	4.502074050000000327e-02	5.185758699999999666e-02	4.917075480000000082e-02	3.598863630000000147e-02	1.413072460000000009e-02	-1.237076609999999965e-02	-3.808614980000000344e-02	-5.737229440000000263e-02	-6.382491440000000182e-02	-5.263288690000000186e-02	-2.720806380000000135e-02	-2.974378409999999841e-03
0.000000000000000000e+00	-1.212301139999999948e-04	3.886606539999999926e-03	9.266900830000000810e-03	1.486929130000000029e-02	1.949097589999999880e-02	2.106500229999999987e-02	1.773184540000000142e-02	9.013839069999999773e-03	-3.209963670000000064e-03	-1.559891830000000035e-02	-2.449224889999999932e-02	-2.558078990000000122e-02	-1.808685440000000130e-02	-6.620105819999999586e-03	1.895567749999999951e-03
0.000000000000000000e+00	0.000000000000000000e+00	0.000000000000000000e+00	0.000000000000000000e+00	0.000000000000000000e+00	0.000000000000000000e+00	0.000000000000000000e+00	0.000000000000000000e+00	0.000000000000000000e+00	0.000000000000000000e+00	0.000000000000000000e+00	0.000000000000000000e+00	0.000000000000000000e+00	0.000000000000000000e+00	0.000000000000000000e+00	0.000000000000000000e+00
