0.000000000000000000e+00	3.031160499999999841e-02	3.682938959999999817e-02	5.140521750000000278e-02	6.566814329999999533e-02	7.903506609999999544e-02	9.116116909999999462e-02	1.016595889999999947e-01	1.101766529999999994e-01	1.165139149999999957e-01	1.201346070000000044e-01	1.209052060000000012e-01	1.166223059999999950e-01	1.079581530000000011e-01	8.546055850000000564e-02	7.315142450000000629e-02
0.000000000000000000e+00	3.208091479999999884e-02	3.291838989999999743e-02	3.219902139999999968e-02	3.496950120000000273e-02	4.115267840000000343e-02	4.880077020000000293e-02	5.628908800000000101e-02	6.251933430000000680e-02	6.688456239999999997e-02	6.864920260000000052e-02	6.767905500000000185e-02	6.298665700000000145e-02	5.879562719999999881e-02	6.517231460000000309e-02	8.816503729999999872e-02
0.000000000000000000e+00	2.897206880000000040e-02	3.816272319999999829e-02	3.999027239999999872e-02	3.970335419999999893e-02	3.979065269999999821e-02	4.062018540000000150e-02	4.169028999999999791e-02	4.228469359999999927e-02	4.178556430000000127e-02	3.977954019999999785e-02	3.687538580000000038e-02	3.615250069999999954e-02	4.903540020000000249e-02	7.735569779999999784e-02	9.267389030000000583e-02
0.000000000000000000e+00	2.739288839999999906e-02	4.027232530000000171e-02	4.485356439999999695e-02	4.522821309999999762e-02	4.358669739999999904e-02	4.051190240000000081e-02	3.616207090000000263e-02	3.072581250000000139e-02	2.431606500000000129e-02	1.859440650000000056e-02	1.893821919999999839e-02	3.282485899999999790e-02	5.933682249999999714e-02	8.728578689999999529e-02	8.752309530000000615e-02
0.000000000000000000e+00	2.657325379999999834e-02	4.062402250000000242e-02	4.658039290000000332e-02	4.778128859999999922e-02	4.588666560000000116e-02	4.123421389999999687e-02	3.384856509999999846e-02	2.384554220000000002e-02	1.139668559999999949e-02	3.267022550000000039e-03	2.138873750000000115e-02	4.481765260000000056e-02	7.143926620000000394e-02	9.005059299999999822e-02	7.688117769999999740e-02
0.000000000000000000e+00	2.554407720000000104e-02	3.942083190000000154e-02	4.588460180000000083e-02	4.794466499999999742e-02	4.677509889999999920e-02	4.251460359999999911e-02	3.524774309999999938e-02	2.580655919999999895e-02	1.794544049999999974e-02	2.162059579999999967e-02	3.758543730000000332e-02	5.888880040000000343e-02	7.864979649999999378e-02	8.552933479999999533e-02	6.259326639999999997e-02
0.000000000000000000e+00	2.373187430000000056e-02	3.670451420000000325e-02	4.328487439999999936e-02	4.625963419999999660e-02	4.649621620000000261e-02	4.413181919999999842e-02	3.957080469999999656e-02	3.459471459999999970e-02	3.321447599999999972e-02	3.947221859999999749e-02	5.274805429999999962e-02	6.812594830000000268e-02	7.834394279999999655e-02	7.427871969999999546e-02	4.682925720000000180e-02
0.000000000000000000e+00	2.105313539999999900e-02	3.274139019999999789e-02	3.930010650000000105e-02	4.319652920000000007e-02	4.510717840000000312e-02	4.525613409999999781e-02	4.418352620000000341e-02	4.348983990000000049e-02	4.566270489999999654e-02	5.211067569999999760e-02	6.134508179999999949e-02	6.941816209999999987e-02	7.043281939999999908e-02	5.863353240000000050e-02	3.208391740000000186e-02
0.000000000000000000e+00	1.765630769999999850e-02	2.783660220000000116e-02	3.421888499999999750e-02	3.887012599999999790e-02	4.228401930000000308e-02	4.464103280000000090e-02	4.633956399999999975e-02	4.829040539999999992e-02	5.159337819999999797e-02	5.654567110000000008e-02	6.131354719999999869e-02	6.277831640000000601e-02	5.710968000000000294e-02	4.201008380000000042e-02	2.007365969999999958e-02
0.000000000000000000e+00	1.386888049999999983e-02	2.243110540000000167e-02	2.847484689999999971e-02	3.352729980000000026e-02	3.786977379999999921e-02	4.155986009999999842e-02	4.472162949999999859e-02	4.766383770000000297e-02	5.063778909999999689e-02	5.331151559999999789e-02	5.405791100000000016e-02	5.078279599999999810e-02	4.177775610000000056e-02	2.733927410000000155e-02	1.138772350000000037e-02
0.000000000000000000e+00	1.009211410000000059e-02	1.699277940000000139e-02	2.248416279999999878e-02	2.750897039999999905e-02	3.209934379999999920e-02	3.615743669999999660e-02	3.957829620000000159e-02	4.231363910000000145e-02	4.418628659999999930e-02	4.457238689999999670e-02	4.241906849999999701e-02	3.683901579999999953e-02	2.760045980000000107e-02	1.610082759999999918e-02	5.690187680000000081e-03
0.000000000000000000e+00	6.663622329999999670e-03	1.193691420000000079e-02	1.665523829999999983e-02	2.123860639999999855e-02	2.550455739999999902e-02	2.920982609999999910e-02	3.208507969999999793e-02	3.390875830000000118e-02	3.439474850000000250e-02	3.313711290000000143e-02	2.971360090000000134e-02	2.397465149999999934e-02	1.639487220000000051e-02	8.409667759999999576e-03	2.275027330000000195e-03
0.000000000000000000e+00	3.880881469999999944e-03	7.590028460000000296e-03	1.132676659999999960e-02	1.513911039999999916e-02	1.870806139999999992e-02	2.170068030000000051e-02	2.375938370000000091e-02	2.462394910000000048e-02	2.409581839999999989e-02	2.206435990000000028e-02	1.854932310000000084e-02	1.381607450000000084e-02	8.504535069999999419e-03	3.624223409999999864e-03	5.502415589999999678e-04
0.000000000000000000e+00	1.874760260000000100e-03	4.137581209999999579e-03	6.726429800000000188e-03	9.514659639999999141e-03	1.216537600000000031e-02	1.433273220000000001e-02	1.566194560000000111e-02	1.590020580000000086e-02	1.494817810000000080e-02	1.288599890000000081e-02	9.968471709999999347e-03	6.645224519999999580e-03	3.454618620000000136e-03	9.438970009999999612e-04	3.630820430000000223e-04
0.000000000000000000e+00	6.098230949999999513e-04	1.609498869999999998e-03	2.934840739999999837e-03	4.467912020000000019e-03	5.966099909999999715e-03	7.198325359999999638e-03	7.917810230000000768e-03	7.916675879999999707e-03	7.150006480000000234e-03	5.728665269999999761e-03	3.912643529999999988e-03	2.129001079999999838e-03	7.701047579999999778e-04	3.797273090000000172e-04	4.121277019999999933e-04
0.000000000000000000e+00	0.000000000000000000e+00	0.000000000000000000e+00	0.000000000000000000e+00	0.000000000000000000e+00	0.000000000000000000e+00	0.000000000000000000e+00	0.000000000000000000e+00	0.000000000000000000e+00	0.000000000000000000e+00	0.000000000000000000e+00	0.000000000000000000e+00	0.000000000000000000e+00	0.000000000000000000e+00	0.000000000000000000e+00	0.000000000000000000e+00
