0.000000000000000000e+00	6.260255720000000579e-02	7.812514160000000318e-02	1.158924550000000053e-01	1.559321879999999994e-01	1.957419960000000014e-01	2.312466350000000059e-01	2.604982550000000119e-01	2.822193499999999799e-01	2.965362670000000200e-01	3.033446969999999965e-01	3.047810200000000136e-01	2.946141360000000264e-01	2.839767040000000242e-01	2.258442039999999928e-01	2.246963529999999876e-01
0.000000000000000000e+00	6.560999900000000218e-02	7.844533030000000462e-02	9.323012079999999646e-02	1.131169199999999958e-01	1.361202450000000008e-01	1.579924819999999897e-01	1.757304970000000133e-01	1.871157880000000051e-01	1.915480940000000021e-01	1.880901460000000136e-01	1.788979320000000095e-01	1.585775759999999979e-01	1.453164819999999968e-01	1.460924739999999999e-01	2.511358859999999749e-01
0.000000000000000000e+00	6.728547070000000241e-02	1.066484230000000061e-01	1.278925840000000036e-01	1.394081859999999895e-01	1.469271480000000074e-01	1.517642889999999967e-01	1.540148560000000055e-01	1.533099260000000130e-01	1.490046829999999989e-01	1.396874489999999913e-01	1.269507410000000058e-01	1.102940589999999998e-01	1.142095919999999987e-01	1.683125050000000011e-01	2.736292180000000074e-01
0.000000000000000000e+00	7.871065289999999715e-02	1.280809189999999875e-01	1.504000719999999958e-01	1.564136000000000137e-01	1.526669710000000124e-01	1.429041179999999966e-01	1.305058749999999934e-01	1.181320619999999960e-01	1.072171549999999945e-01	9.799509500000000428e-02	9.303627159999999785e-02	9.571435300000000201e-02	1.245414910000000042e-01	1.953191910000000031e-01	2.779910560000000141e-01
0.000000000000000000e+00	9.041059760000000334e-02	1.421080379999999921e-01	1.631558240000000048e-01	1.650356199999999940e-01	1.529079230000000011e-01	1.307886540000000042e-01	1.044285219999999959e-01	7.955028860000000479e-02	6.244616580000000167e-02	5.990220980000000167e-02	7.386436309999999672e-02	9.967825560000000140e-02	1.449933499999999931e-01	2.180980289999999988e-01	2.747196259999999945e-01
0.000000000000000000e+00	9.891434009999999777e-02	1.487394569999999916e-01	1.682361219999999880e-01	1.680912669999999887e-01	1.510737239999999926e-01	1.208690179999999947e-01	8.393739159999999422e-02	4.607913269999999728e-02	1.899727990000000047e-02	3.792809700000000089e-02	7.354679699999999709e-02	1.136122569999999943e-01	1.672563850000000074e-01	2.332186699999999890e-01	2.596041559999999748e-01
0.000000000000000000e+00	1.013939680000000010e-01	1.480401010000000073e-01	1.675483289999999958e-01	1.682397280000000050e-01	1.506783660000000080e-01	1.186210810000000032e-01	7.895605270000000120e-02	4.014477129999999977e-02	2.118177710000000019e-02	4.998635869999999704e-02	8.960475029999999397e-02	1.343208399999999969e-01	1.891055110000000039e-01	2.392764539999999995e-01	2.323553859999999971e-01
0.000000000000000000e+00	9.709183870000000216e-02	1.405363829999999870e-01	1.618483069999999968e-01	1.664525870000000130e-01	1.534698899999999977e-01	1.263957320000000106e-01	9.334624560000000237e-02	6.625907120000000539e-02	6.062785539999999973e-02	8.131171759999999971e-02	1.163984019999999980e-01	1.604321449999999982e-01	2.074985059999999992e-01	2.349112630000000090e-01	1.957089160000000105e-01
0.000000000000000000e+00	8.638408779999999509e-02	1.271136250000000079e-01	1.518308070000000121e-01	1.629014910000000094e-01	1.585605140000000135e-01	1.416042889999999943e-01	1.196505429999999981e-01	1.033495140000000034e-01	1.024753749999999936e-01	1.196269390000000016e-01	1.499908859999999899e-01	1.867552550000000089e-01	2.165017280000000044e-01	2.159532899999999922e-01	1.515513659999999929e-01
0.000000000000000000e+00	7.069823150000000000e-02	1.087886240000000004e-01	1.372859780000000030e-01	1.558897639999999862e-01	1.619860680000000108e-01	1.573829350000000016e-01	1.478344799999999903e-01	1.411986500000000089e-01	1.439898759999999889e-01	1.583862749999999930e-01	1.808046849999999928e-01	2.022473369999999993e-01	2.082809660000000118e-01	1.803120079999999958e-01	1.040544880000000005e-01
0.000000000000000000e+00	5.231966080000000074e-02	8.677996699999999952e-02	1.173983370000000054e-01	1.423550249999999961e-01	1.581835299999999889e-01	1.651734410000000042e-01	1.668400620000000112e-01	1.682672950000000112e-01	1.733573680000000117e-01	1.826711599999999991e-01	1.928095069999999911e-01	1.950585840000000071e-01	1.777667549999999985e-01	1.313631530000000103e-01	6.060047450000000113e-02
0.000000000000000000e+00	3.396880249999999907e-02	6.287329640000000053e-02	9.239806230000000009e-02	1.202251909999999951e-01	1.424754709999999924e-01	1.577683089999999955e-01	1.670232560000000088e-01	1.729873269999999963e-01	1.774893999999999916e-01	1.796505150000000106e-01	1.766881499999999883e-01	1.624686569999999886e-01	1.302990320000000091e-01	8.027758449999999879e-02	2.780502099999999921e-02
0.000000000000000000e+00	1.867875459999999987e-02	3.958771380000000034e-02	6.402648240000000102e-02	9.001024069999999377e-02	1.137583179999999972e-01	1.325919479999999873e-01	1.452864259999999963e-01	1.522713300000000103e-01	1.537347289999999866e-01	1.489284190000000063e-01	1.362410189999999910e-01	1.129843890000000045e-01	7.849105450000000428e-02	3.864776340000000004e-02	8.261477570000000034e-03
0.000000000000000000e+00	7.642924790000000038e-03	1.955582200000000048e-02	3.587122260000000229e-02	5.556618420000000030e-02	7.587007430000000663e-02	9.358117729999999856e-02	1.060146319999999975e-01	1.116622760000000047e-01	1.098553540000000023e-01	1.005912050000000030e-01	8.416213840000000279e-02	6.126045439999999731e-02	3.494036570000000341e-02	1.151168529999999947e-02	2.368358430000000112e-03
0.000000000000000000e+00	1.349265689999999945e-03	5.675182209999999998e-03	1.295758689999999998e-02	2.314302879999999979e-02	3.524840619999999869e-02	4.722997550000000017e-02	5.640465020000000329e-02	6.039093060000000346e-02	5.783248690000000053e-02	4.917852209999999669e-02	3.594591839999999872e-02	2.079080789999999956e-02	7.850706580000000115e-03	2.809901019999999985e-03	3.468459010000000085e-03
0.000000000000000000e+00	0.000000000000000000e+00	0.000000000000000000e+00	0.000000000000000000e+00	0.000000000000000000e+00	0.000000000000000000e+00	0.000000000000000000e+00	0.000000000000000000e+00	0.000000000000000000e+00	0.000000000000000000e+00	0.000000000000000000e+00	0.000000000000000000e+00	0.000000000000000000e+00	0.000000000000000000e+00	0.000000000000000000e+00	0.000000000000000000e+00
