0.000000000000000000e+00	5.470790710000000140e-02	5.105593060000000044e-02	4.919735709999999845e-02	4.694648089999999691e-02	4.255042970000000313e-02	3.649149089999999956e-02	2.938089519999999982e-02	2.198659260000000032e-02	1.484504250000000074e-02	8.225498720000000083e-03	1.701695029999999911e-03	-5.768293510000000422e-03	-2.194372010000000123e-02	-6.123476480000000083e-02	-1.416449840000000016e-01
0.000000000000000000e+00	6.690767409999999471e-02	8.311899749999999976e-02	9.138268230000000381e-02	9.062813969999999886e-02	8.297669139999999666e-02	7.014790179999999542e-02	5.424257369999999773e-02	3.742980960000000246e-02	2.114287759999999849e-02	6.005786360000000233e-03	-8.850052020000000533e-03	-2.504083890000000090e-02	-5.769021059999999979e-02	-1.277951599999999910e-01	-2.642470299999999939e-01
0.000000000000000000e+00	7.090497020000000039e-02	1.124450419999999951e-01	1.291887610000000131e-01	1.279423239999999962e-01	1.153737009999999952e-01	9.529361129999999735e-02	7.088493560000000415e-02	4.510404169999999990e-02	1.978072150000000085e-02	-4.275337790000000027e-03	-2.784965929999999937e-02	-5.281810840000000090e-02	-9.450346980000000341e-02	-1.727918679999999874e-01	-2.919186950000000058e-01
0.000000000000000000e+00	8.349380639999999520e-02	1.352537129999999976e-01	1.552415789999999907e-01	1.539142279999999863e-01	1.380452070000000031e-01	1.120634449999999976e-01	8.052682880000000543e-02	4.739386219999999761e-02	1.454321849999999985e-02	-1.729188109999999987e-02	-4.864515359999999761e-02	-8.097235110000000624e-02	-1.269218920000000084e-01	-2.051977809999999958e-01	-2.974148690000000261e-01
0.000000000000000000e+00	9.700073300000000565e-02	1.520313169999999992e-01	1.727292390000000066e-01	1.711321919999999885e-01	1.526419970000000015e-01	1.217012999999999984e-01	8.436009290000000271e-02	4.581061010000000294e-02	7.887591609999999517e-03	-2.929742629999999848e-02	-6.632281090000000101e-02	-1.039232759999999950e-01	-1.535248610000000125e-01	-2.297074500000000075e-01	-2.952503260000000074e-01
0.000000000000000000e+00	1.074724199999999991e-01	1.613028649999999897e-01	1.816615020000000025e-01	1.801531309999999941e-01	1.599643380000000115e-01	1.255006049999999873e-01	8.408816160000000262e-02	4.214547569999999715e-02	1.719937659999999906e-03	-3.850709649999999734e-02	-7.926881310000000180e-02	-1.210838709999999957e-01	-1.747911129999999980e-01	-2.443136569999999896e-01	-2.806532380000000271e-01
0.000000000000000000e+00	1.112296509999999988e-01	1.618103379999999980e-01	1.824384330000000110e-01	1.819755289999999970e-01	1.614035960000000103e-01	1.255211230000000122e-01	8.203411100000000677e-02	3.779593860000000222e-02	-4.363251379999999631e-03	-4.597441480000000191e-02	-8.864031729999999332e-02	-1.344641890000000117e-01	-1.905418630000000058e-01	-2.472834590000000110e-01	-2.522952560000000233e-01
0.000000000000000000e+00	1.069928710000000033e-01	1.533225769999999877e-01	1.744790230000000109e-01	1.762619019999999981e-01	1.577842829999999974e-01	1.230780999999999958e-01	7.990968969999999449e-02	3.490166370000000184e-02	-8.842019359999999870e-03	-5.194017289999999787e-02	-9.656549250000000251e-02	-1.457738580000000062e-01	-1.991440949999999932e-01	-2.380593870000000112e-01	-2.129155100000000023e-01
0.000000000000000000e+00	9.498286250000000097e-02	1.366769969999999945e-01	1.586334259999999940e-01	1.633277389999999996e-01	1.489750740000000129e-01	1.181366150000000004e-01	7.738617809999999431e-02	3.305735440000000247e-02	-1.171267779999999974e-02	-5.688813329999999752e-02	-1.039315390000000033e-01	-1.534872949999999958e-01	-1.975695189999999990e-01	-2.143487330000000135e-01	-1.648442890000000050e-01
0.000000000000000000e+00	7.681801920000000394e-02	1.133413239999999933e-01	1.359189600000000053e-01	1.437417569999999978e-01	1.343279779999999868e-01	1.089965249999999969e-01	7.226303219999999361e-02	2.957509640000000051e-02	-1.552831940000000063e-02	-6.179992849999999677e-02	-1.085982320000000029e-01	-1.523190140000000026e-01	-1.815180929999999915e-01	-1.756944209999999895e-01	-1.131745200000000007e-01
0.000000000000000000e+00	5.530637129999999707e-02	8.572151510000000640e-02	1.074473189999999995e-01	1.177870629999999974e-01	1.133141369999999953e-01	9.390825780000000567e-02	6.257313489999999367e-02	2.364275789999999849e-02	-1.923293619999999829e-02	-6.341494620000000249e-02	-1.050459819999999961e-01	-1.372769470000000103e-01	-1.490804259999999881e-01	-1.260201190000000138e-01	-6.587328019999999507e-02
0.000000000000000000e+00	3.401658679999999824e-02	5.729788169999999736e-02	7.631583510000000681e-02	8.749775590000000158e-02	8.706732840000000473e-02	7.375635210000000552e-02	4.907521980000000006e-02	1.629107819999999970e-02	-2.084580440000000090e-02	-5.818385630000000308e-02	-9.017571809999999632e-02	-1.091064659999999992e-01	-1.060684989999999966e-01	-7.564656440000000481e-02	-2.980637549999999927e-02
0.000000000000000000e+00	1.694136489999999856e-02	3.215736899999999815e-02	4.644381250000000072e-02	5.649580810000000286e-02	5.877407639999999989e-02	5.130095030000000195e-02	3.431978819999999958e-02	9.818088259999999817e-03	-1.856899080000000077e-02	-4.583236579999999671e-02	-6.632871179999999534e-02	-7.365660370000000345e-02	-6.271833179999999897e-02	-3.564036269999999729e-02	-7.667126600000000007e-03
0.000000000000000000e+00	5.816719490000000353e-03	1.360788760000000014e-02	2.219791899999999998e-02	2.932815249999999943e-02	3.250323239999999836e-02	2.959311939999999946e-02	2.001956850000000121e-02	4.835352299999999895e-03	-1.304362159999999937e-02	-2.935049309999999967e-02	-3.969387709999999680e-02	-3.996429960000000281e-02	-2.890576049999999883e-02	-1.153850460000000085e-02	1.751837790000000108e-03
0.000000000000000000e+00	6.637286280000000236e-04	3.360541769999999834e-03	6.664280310000000353e-03	9.759445670000000198e-03	1.187299380000000036e-02	1.186517720000000026e-02	8.908700199999999500e-03	2.919881139999999913e-03	-4.834325050000000228e-03	-1.206620689999999933e-02	-1.587926599999999952e-02	-1.453157700000000038e-02	-8.796890269999999706e-03	-1.794449289999999969e-03	2.436639740000000071e-03
0.000000000000000000e+00	0.000000000000000000e+00	0.000000000000000000e+00	0.000000000000000000e+00	0.000000000000000000e+00	0.000000000000000000e+00	0.000000000000000000e+00	0.000000000000000000e+00	0.000000000000000000e+00	0.000000000000000000e+00	0.000000000000000000e+00	0.000000000000000000e+00	0.000000000000000000e+00	0.000000000000000000e+00	0.000000000000000000e+00	0.000000000000000000e+00
