0.000000000000000000e+00	5.123314629999999731e-02	6.323079759999999938e-02	9.147024900000000347e-02	1.209089829999999977e-01	1.499191970000000040e-01	1.760493519999999923e-01	1.978024989999999927e-01	2.143094690000000024e-01	2.257202570000000075e-01	2.316818390000000005e-01	2.333405319999999894e-01	2.262638359999999960e-01	2.162617300000000131e-01	1.730596130000000010e-01	1.650158610000000137e-01
0.000000000000000000e+00	5.366851759999999999e-02	6.037382410000000088e-02	6.754266470000000466e-02	7.997702060000000390e-02	9.613282979999999978e-02	1.124888289999999985e-01	1.262879520000000089e-01	1.356817630000000108e-01	1.402109410000000056e-01	1.391300410000000098e-01	1.336703300000000039e-01	1.207172049999999941e-01	1.115009859999999964e-01	1.167654919999999985e-01	1.883330490000000024e-01
0.000000000000000000e+00	5.276898289999999714e-02	7.791473720000000047e-02	8.996445690000000328e-02	9.638005500000000614e-02	1.011821779999999976e-01	1.047638800000000037e-01	1.068187800000000021e-01	1.066944080000000045e-01	1.037293450000000006e-01	9.713143109999999858e-02	8.812256899999999782e-02	7.794577630000000534e-02	8.602518589999999521e-02	1.342938989999999944e-01	2.040338519999999878e-01
0.000000000000000000e+00	5.772186070000000224e-02	9.042901550000000122e-02	1.047883109999999951e-01	1.088085470000000055e-01	1.066123399999999999e-01	9.994822000000000428e-02	9.069664030000000599e-02	8.066550640000000327e-02	7.137990739999999779e-02	6.374616180000000631e-02	5.996296179999999892e-02	6.551858779999999993e-02	9.610843659999999955e-02	1.563530710000000101e-01	2.038601929999999951e-01
0.000000000000000000e+00	6.306976820000000095e-02	9.801476450000000396e-02	1.128408310000000025e-01	1.154091879999999959e-01	1.086610110000000018e-01	9.402520949999999822e-02	7.436879720000000304e-02	5.359820280000000131e-02	3.757718580000000280e-02	3.433700280000000216e-02	4.725405950000000077e-02	7.253962009999999350e-02	1.161063610000000051e-01	1.725232750000000037e-01	1.942564549999999945e-01
0.000000000000000000e+00	6.630421429999999727e-02	1.004929839999999935e-01	1.153885719999999948e-01	1.179216579999999986e-01	1.092697900000000055e-01	9.046093369999999578e-02	6.411713360000000084e-02	3.426958249999999956e-02	5.334857850000000214e-03	2.415857459999999970e-02	5.456934120000000304e-02	9.058918059999999939e-02	1.372345980000000132e-01	1.803414670000000053e-01	1.747167860000000128e-01
0.000000000000000000e+00	6.583385910000000285e-02	9.794767949999999557e-02	1.131449790000000066e-01	1.173345519999999947e-01	1.101500839999999953e-01	9.227221459999999931e-02	6.691475210000000229e-02	4.102835059999999923e-02	2.956818790000000086e-02	4.654723029999999900e-02	7.653509830000000680e-02	1.140834170000000064e-01	1.546681079999999986e-01	1.788610370000000005e-01	1.476910110000000109e-01
0.000000000000000000e+00	6.136821960000000270e-02	9.100657700000000516e-02	1.071091670000000051e-01	1.143842340000000013e-01	1.117604370000000041e-01	9.957841039999999755e-02	8.174381410000000625e-02	6.637375060000000326e-02	6.369964779999999493e-02	7.817476240000000021e-02	1.046494320000000006e-01	1.368286310000000061e-01	1.632784610000000136e-01	1.649660169999999926e-01	1.149624209999999952e-01
0.000000000000000000e+00	5.331424249999999754e-02	8.028828350000000169e-02	9.785090389999999416e-02	1.091264190000000023e-01	1.126194070000000047e-01	1.086625979999999991e-01	1.005572379999999932e-01	9.458109739999999432e-02	9.712691610000000197e-02	1.102623870000000034e-01	1.307235360000000013e-01	1.504955590000000010e-01	1.579720970000000058e-01	1.384633630000000060e-01	8.017503469999999466e-02
0.000000000000000000e+00	4.276221250000000057e-02	6.677179040000000287e-02	8.529354629999999493e-02	1.002023890000000028e-01	1.097705139999999996e-01	1.138930320000000052e-01	1.146316829999999981e-01	1.159015070000000008e-01	1.212152759999999968e-01	1.311165089999999922e-01	1.421647370000000132e-01	1.467227190000000014e-01	1.362019030000000130e-01	1.026153860000000029e-01	4.856337229999999755e-02
0.000000000000000000e+00	3.124329450000000105e-02	5.174355950000000121e-02	7.001925999999999983e-02	8.687666060000000245e-02	1.005318540000000038e-01	1.103179309999999941e-01	1.168795599999999935e-01	1.219640750000000051e-01	1.272129419999999955e-01	1.319862749999999862e-01	1.326989229999999964e-01	1.246407030000000055e-01	1.025793029999999967e-01	6.540212039999999949e-02	2.435534630000000048e-02
0.000000000000000000e+00	2.026617149999999923e-02	3.661333399999999738e-02	5.299476909999999846e-02	6.948295979999999372e-02	8.430983870000000047e-02	9.636393190000000497e-02	1.052369620000000033e-01	1.111405419999999949e-01	1.143111210000000016e-01	1.136259589999999986e-01	1.066704619999999937e-01	9.112984690000000554e-02	6.582152839999999561e-02	3.469393769999999655e-02	9.049660529999999786e-03
0.000000000000000000e+00	1.133630700000000033e-02	2.289035359999999977e-02	3.579689560000000326e-02	4.971881210000000245e-02	6.302905829999999598e-02	7.433676720000000071e-02	8.254229280000000002e-02	8.703719819999999885e-02	8.724434670000000280e-02	8.240023999999999960e-02	7.177302989999999328e-02	5.520059909999999737e-02	3.430223460000000196e-02	1.392619219999999963e-02	2.168999290000000156e-03
0.000000000000000000e+00	5.015503620000000273e-03	1.172059030000000002e-02	2.020224179999999953e-02	3.008152919999999841e-02	4.010697080000000248e-02	4.881044479999999824e-02	5.473303050000000169e-02	5.690564590000000283e-02	5.483281610000000084e-02	4.845751449999999988e-02	3.818727279999999807e-02	2.537149940000000062e-02	1.236598099999999985e-02	2.158305369999999942e-03	2.597855870000000036e-03
0.000000000000000000e+00	1.282674030000000021e-03	3.920084800000000168e-03	7.841186599999999327e-03	1.290011310000000085e-02	1.847314280000000170e-02	2.357706990000000072e-02	2.699680070000000029e-02	2.769032310000000066e-02	2.537945289999999840e-02	2.026424560000000125e-02	1.331319849999999978e-02	6.517572789999999568e-03	2.386096400000000013e-03	2.721378349999999894e-03	2.361811460000000015e-03
0.000000000000000000e+00	0.000000000000000000e+00	0.000000000000000000e+00	0.000000000000000000e+00	0.000000000000000000e+00	0.000000000000000000e+00	0.000000000000000000e+00	0.000000000000000000e+00	0.000000000000000000e+00	0.000000000000000000e+00	0.000000000000000000e+00	0.000000000000000000e+00	0.000000000000000000e+00	0.000000000000000000e+00	0.000000000000000000e+00	0.000000000000000000e+00
